chr20	1000000	1000000	234
chr20	0	2000000	3
chr20	2000000	2000000	246
chr20	0	3000000	1
chr20	3000000	3000000	215
chr20	4000000	4000000	206
chr20	0	5000000	3
chr20	4000000	5000000	4
chr20	5000000	5000000	207
chr20	4000000	6000000	1
chr20	6000000	6000000	229
chr20	2000000	7000000	1
chr20	4000000	7000000	2
chr20	6000000	7000000	3
chr20	7000000	7000000	236
chr20	6000000	8000000	3
chr20	7000000	8000000	3
chr20	8000000	8000000	218
chr20	9000000	9000000	236
chr20	7000000	10000000	1
chr20	8000000	10000000	1
chr20	9000000	10000000	1
chr20	10000000	10000000	219
chr20	5000000	11000000	1
chr20	6000000	11000000	3
chr20	8000000	11000000	3
chr20	9000000	11000000	1
chr20	10000000	11000000	11
chr20	11000000	11000000	198
chr20	1000000	12000000	1
chr20	6000000	12000000	1
chr20	8000000	12000000	2
chr20	10000000	12000000	3
chr20	11000000	12000000	4
chr20	12000000	12000000	212
chr20	4000000	13000000	4
chr20	5000000	13000000	2
chr20	10000000	13000000	1
chr20	11000000	13000000	1
chr20	12000000	13000000	4
chr20	13000000	13000000	227
chr20	8000000	14000000	1
chr20	11000000	14000000	1
chr20	12000000	14000000	2
chr20	13000000	14000000	4
chr20	14000000	14000000	215
chr20	12000000	15000000	1
chr20	14000000	15000000	9
chr20	15000000	15000000	233
chr20	2000000	16000000	1
chr20	10000000	16000000	2
chr20	15000000	16000000	5
chr20	16000000	16000000	224
chr20	4000000	17000000	1
chr20	8000000	17000000	1
chr20	14000000	17000000	1
chr20	15000000	17000000	1
chr20	16000000	17000000	3
chr20	17000000	17000000	256
chr20	17000000	18000000	1
chr20	18000000	18000000	212
chr20	16000000	19000000	1
chr20	17000000	19000000	1
chr20	18000000	19000000	6
chr20	19000000	19000000	253
chr20	2000000	20000000	1
chr20	3000000	20000000	1
chr20	19000000	20000000	5
chr20	20000000	20000000	230
chr20	15000000	21000000	1
chr20	17000000	21000000	1
chr20	20000000	21000000	4
chr20	21000000	21000000	241
chr20	1000000	22000000	1
chr20	2000000	22000000	1
chr20	12000000	22000000	1
chr20	15000000	22000000	1
chr20	16000000	22000000	2
chr20	18000000	22000000	2
chr20	19000000	22000000	3
chr20	21000000	22000000	4
chr20	22000000	22000000	228
chr20	2000000	23000000	1
chr20	15000000	23000000	1
chr20	16000000	23000000	1
chr20	18000000	23000000	3
chr20	19000000	23000000	1
chr20	21000000	23000000	1
chr20	22000000	23000000	1
chr20	23000000	23000000	240
chr20	20000000	24000000	1
chr20	21000000	24000000	2
chr20	24000000	24000000	243
chr20	20000000	25000000	2
chr20	21000000	25000000	1
chr20	23000000	25000000	1
chr20	24000000	25000000	3
chr20	25000000	25000000	179
chr20	1000000	26000000	1
chr20	10000000	26000000	1
chr20	26000000	26000000	47
chr20	0	29000000	1
chr20	1000000	29000000	2
chr20	25000000	29000000	1
chr20	29000000	29000000	82
chr20	3000000	30000000	1
chr20	9000000	30000000	1
chr20	29000000	30000000	2
chr20	30000000	30000000	253
chr20	10000000	31000000	1
chr20	30000000	31000000	5
chr20	31000000	31000000	216
chr20	9000000	32000000	1
chr20	30000000	32000000	5
chr20	32000000	32000000	217
chr20	30000000	33000000	2
chr20	32000000	33000000	3
chr20	33000000	33000000	228
chr20	33000000	34000000	4
chr20	34000000	34000000	202
chr20	35000000	35000000	229
chr20	23000000	36000000	1
chr20	31000000	36000000	1
chr20	32000000	36000000	1
chr20	36000000	36000000	243
chr20	30000000	37000000	1
chr20	31000000	37000000	2
chr20	32000000	37000000	3
chr20	35000000	37000000	1
chr20	36000000	37000000	1
chr20	37000000	37000000	239
chr20	12000000	38000000	1
chr20	37000000	38000000	5
chr20	38000000	38000000	231
chr20	30000000	39000000	2
chr20	33000000	39000000	2
chr20	37000000	39000000	3
chr20	38000000	39000000	1
chr20	39000000	39000000	264
chr20	7000000	40000000	1
chr20	37000000	40000000	3
chr20	38000000	40000000	3
chr20	39000000	40000000	1
chr20	40000000	40000000	248
chr20	33000000	41000000	2
chr20	37000000	41000000	1
chr20	38000000	41000000	1
chr20	39000000	41000000	1
chr20	40000000	41000000	5
chr20	41000000	41000000	251
chr20	19000000	42000000	1
chr20	36000000	42000000	2
chr20	38000000	42000000	3
chr20	40000000	42000000	4
chr20	41000000	42000000	1
chr20	42000000	42000000	210
chr20	36000000	43000000	1
chr20	37000000	43000000	1
chr20	40000000	43000000	1
chr20	43000000	43000000	238
chr20	40000000	44000000	1
chr20	41000000	44000000	1
chr20	43000000	44000000	3
chr20	44000000	44000000	240
chr20	14000000	45000000	1
chr20	38000000	45000000	1
chr20	39000000	45000000	2
chr20	42000000	45000000	4
chr20	43000000	45000000	2
chr20	44000000	45000000	3
chr20	45000000	45000000	243
chr20	32000000	46000000	1
chr20	35000000	46000000	2
chr20	43000000	46000000	1
chr20	44000000	46000000	1
chr20	45000000	46000000	4
chr20	46000000	46000000	216
chr20	39000000	47000000	1
chr20	45000000	47000000	2
chr20	46000000	47000000	2
chr20	47000000	47000000	265
chr20	32000000	48000000	1
chr20	45000000	48000000	1
chr20	47000000	48000000	4
chr20	48000000	48000000	219
chr20	30000000	49000000	1
chr20	33000000	49000000	2
chr20	41000000	49000000	1
chr20	45000000	49000000	1
chr20	46000000	49000000	2
chr20	47000000	49000000	1
chr20	48000000	49000000	8
chr20	49000000	49000000	262
chr20	31000000	50000000	1
chr20	39000000	50000000	1
chr20	43000000	50000000	2
chr20	45000000	50000000	1
chr20	48000000	50000000	1
chr20	50000000	50000000	256
chr20	9000000	51000000	1
chr20	22000000	51000000	1
chr20	40000000	51000000	3
chr20	41000000	51000000	2
chr20	45000000	51000000	2
chr20	46000000	51000000	1
chr20	49000000	51000000	1
chr20	50000000	51000000	1
chr20	51000000	51000000	256
chr20	9000000	52000000	1
chr20	37000000	52000000	1
chr20	38000000	52000000	1
chr20	41000000	52000000	1
chr20	43000000	52000000	1
chr20	47000000	52000000	1
chr20	48000000	52000000	2
chr20	49000000	52000000	1
chr20	50000000	52000000	3
chr20	51000000	52000000	3
chr20	52000000	52000000	214
chr20	37000000	53000000	1
chr20	38000000	53000000	2
chr20	39000000	53000000	1
chr20	41000000	53000000	1
chr20	42000000	53000000	2
chr20	43000000	53000000	1
chr20	52000000	53000000	4
chr20	53000000	53000000	216
chr20	41000000	54000000	1
chr20	52000000	54000000	1
chr20	53000000	54000000	1
chr20	54000000	54000000	211
chr20	41000000	55000000	1
chr20	42000000	55000000	2
chr20	54000000	55000000	1
chr20	55000000	55000000	227
chr20	39000000	56000000	1
chr20	55000000	56000000	1
chr20	56000000	56000000	261
chr20	0	57000000	3
chr20	33000000	57000000	1
chr20	39000000	57000000	1
chr20	40000000	57000000	1
chr20	55000000	57000000	1
chr20	56000000	57000000	1
chr20	57000000	57000000	256
chr20	0	58000000	1
chr20	20000000	58000000	1
chr20	29000000	58000000	1
chr20	37000000	58000000	2
chr20	39000000	58000000	1
chr20	52000000	58000000	1
chr20	57000000	58000000	2
chr20	58000000	58000000	239
chr20	43000000	59000000	1
chr20	59000000	59000000	258
chr20	58000000	60000000	1
chr20	59000000	60000000	1
chr20	60000000	60000000	223
chr20	44000000	61000000	1
chr20	59000000	61000000	1
chr20	60000000	61000000	2
chr20	61000000	61000000	223
chr20	4000000	62000000	1
chr20	26000000	62000000	1
chr20	44000000	62000000	2
chr20	45000000	62000000	2
chr20	60000000	62000000	1
chr20	61000000	62000000	3
chr20	62000000	62000000	239
