chr1 start1 end1 chr2 start2 end2 bulk.IF1 bulk.IF2 D M adj.bulk.IF1 bulk.adj.IF2 adj.M mc A Z Difference.cluster
1 chr22 16000000 17000000 chr22 17000000 18000000 344 132 1 -1.38187063534364 231.610766658764 196.053062018919 -0.24045814551251 -1.14141248983113 213.831914338841 -1.06482499047717 1
2 chr22 17000000 18000000 chr22 18000000 19000000 619 195 1 -1.66646528546465 416.764722563299 289.623841618857 -0.52505279563352 -1.14141248983113 353.194282091078 -2.32983505052945 0
3 chr22 18000000 19000000 chr22 19000000 20000000 430 272 1 -0.660730008339121 289.513458323455 403.98812779656 0.480682481492012 -1.14141248983113 346.750793060007 2.14061175081518 0
4 chr22 19000000 20000000 chr22 20000000 21000000 559 235 1 -1.25018752627819 376.367495820492 349.033860412469 -0.108775036447058 -1.14141248983113 362.70067811648 -0.479499659744749 1
5 chr22 20000000 21000000 chr22 21000000 22000000 518 255 1 -1.0224548508277 348.762724212907 378.738869809275 0.118957639003437 -1.14141248983113 363.750797011091 0.53276155221058 1
6 chr22 21000000 22000000 chr22 22000000 23000000 393 201 1 -0.967333811079678 264.60183516539 298.535344437899 0.174078678751457 -1.14141248983113 281.568589801645 0.77777202507835 1
7 chr22 22000000 23000000 chr22 23000000 24000000 763 250 1 -1.60975496217244 513.718066746038 371.312617460073 -0.468342472341311 -1.14141248983113 442.515342103056 -2.07776028579666 0
8 chr22 23000000 24000000 chr22 24000000 25000000 570 312 1 -0.869415890189856 383.773654056673 463.398146590172 0.271996599641277 -1.14141248983113 423.585900323422 1.21301265568176 1
9 chr22 24000000 25000000 chr22 25000000 26000000 436 205 1 -1.08870422527148 293.553180997736 304.47634631726 0.0527082645596533 -1.14141248983113 299.014763657498 0.238286146197424 1
10 chr22 25000000 26000000 chr22 26000000 27000000 746 339 1 -1.13789035711889 502.272185835575 503.49990927586 0.00352213271223988 -1.14141248983113 502.886047555717 0.0196560645160605 1
11 chr22 26000000 27000000 chr22 27000000 28000000 776 236 1 -1.71726979282529 522.470799206979 350.51911088231 -0.575857302994151 -1.14141248983113 436.494955044644 -2.55565873653293 0
12 chr22 27000000 28000000 chr22 28000000 29000000 532 442 1 -0.267379876109758 358.188743786228 656.48070766941 0.874032613721376 -1.14141248983113 507.334725727819 3.88903489995541 0
13 chr22 28000000 29000000 chr22 29000000 30000000 692 342 1 -1.01677571275083 465.914681767049 507.95566068538 0.124636777080305 -1.14141248983113 486.935171226215 0.558005058357336 1
14 chr22 29000000 30000000 chr22 30000000 31000000 765 266 1 -1.52403350207882 515.064640970798 395.076624977518 -0.382621012247693 -1.14141248983113 455.070632974158 -1.69673235946464 1
15 chr22 30000000 31000000 chr22 31000000 32000000 566 340 1 -0.735267306694181 381.080505607153 504.9851597457 0.406145183136953 -1.14141248983113 443.032832676426 1.80929690625231 1
16 chr22 31000000 32000000 chr22 32000000 33000000 566 264 1 -1.10026412347343 381.080505607153 392.106124037838 0.0411483663577048 -1.14141248983113 386.593314822495 0.186902933222665 1
17 chr22 32000000 33000000 chr22 33000000 34000000 603 357 1 -0.756233927870985 405.992128765217 530.234417732985 0.385178561960148 -1.14141248983113 468.113273249101 1.71610124462379 1
18 chr22 33000000 34000000 chr22 34000000 35000000 714 502 1 -0.508236710078328 480.726998239411 745.595735859828 0.633175779752806 -1.14141248983113 613.161367049619 2.81843741025197 0
19 chr22 34000000 35000000 chr22 35000000 36000000 771 409 1 -0.914630016973285 519.104363645079 607.46744216468 0.226782472857847 -1.14141248983113 563.28590290488 1.01203795284319 1
20 chr22 35000000 36000000 chr22 36000000 37000000 757 232 1 -1.70616849485816 509.678344071757 344.578109002948 -0.564756005027027 -1.14141248983113 427.128226537353 -2.50631398039616 0
21 chr22 36000000 37000000 chr22 37000000 38000000 735 292 1 -1.33177588084371 494.866027599394 433.693137193366 -0.190363391012577 -1.14141248983113 464.27958239638 -0.842156123120317 1
22 chr22 37000000 38000000 chr22 38000000 39000000 611 192 1 -1.67006606909757 411.378425664258 285.168090209336 -0.528653579266441 -1.14141248983113 348.273257936797 -2.34584036727654 0
23 chr22 38000000 39000000 chr22 39000000 40000000 718 310 1 -1.21171562854881 483.420146688932 460.427645650491 -0.0703031387176801 -1.14141248983113 471.923896169712 -0.308493853288892 1
24 chr22 39000000 40000000 chr22 40000000 41000000 713 434 1 -0.716207033999409 480.053711127032 644.598703910687 0.425205455831723 -1.14141248983113 562.326207518859 1.89401893702826 1
25 chr22 40000000 41000000 chr22 41000000 42000000 768 292 1 -1.39513794184114 517.084502307938 433.693137193366 -0.253725452010006 -1.14141248983113 475.388819750652 -1.1237975543746 1
26 chr22 41000000 42000000 chr22 42000000 43000000 714 299 1 -1.25577858983099 480.726998239411 444.089890482248 -0.114366099999861 -1.14141248983113 462.408444360829 -0.504351678704627 1
27 chr22 42000000 43000000 chr22 43000000 44000000 650 196 1 -1.72958606380061 437.636623047083 291.109092088698 -0.588173573969474 -1.14141248983113 364.37285756789 -2.61040399151045 0
28 chr22 43000000 44000000 chr22 44000000 45000000 633 356 1 -0.830328258461944 426.190742136621 528.749167263145 0.31108423136919 -1.14141248983113 477.469954699883 1.38675537128939 1
29 chr22 44000000 45000000 chr22 45000000 46000000 893 246 1 -1.86000185978198 601.245391355454 365.371615580712 -0.71858936995085 -1.14141248983113 483.308503468083 -3.19009617418506 0
30 chr22 45000000 46000000 chr22 46000000 47000000 860 272 1 -1.66073000833912 579.02691664691 403.98812779656 -0.519317518507988 -1.14141248983113 491.507522221735 -2.30434200890726 0
31 chr22 46000000 47000000 chr22 47000000 48000000 643 223 1 -1.52777502740764 432.923613260422 331.210854774385 -0.38636253757651 -1.14141248983113 382.067234017404 -1.71336326654206 1
32 chr22 47000000 48000000 chr22 48000000 49000000 597 477 1 -0.323741665259293 401.952406090937 708.46447411382 0.817670824571838 -1.14141248983113 555.208440102378 3.63850935337049 0
33 chr22 48000000 49000000 chr22 49000000 50000000 811 372 1 -1.12439929310924 546.035848140284 552.513174780589 0.0170131967218906 -1.14141248983113 549.274511460437 0.0796232202084136 1
34 chr22 49000000 50000000 chr22 50000000 51000000 299 274 1 -0.125969591237578 201.312846601658 406.958628736241 1.01544289859356 -1.14141248983113 304.135737668949 4.51759707736143 0
35 chr22 50000000 51000000 chr22 51000000 52000000 368 151 1 -1.28515721673193 247.769657355887 224.272820945884 -0.143744726900799 -1.14141248983113 236.021239150886 -0.634938316803434 1
36 chr22 16000000 17000000 chr22 18000000 19000000 237 117 2 -1.01837852931485 169.549674588974 163.54499097224 -0.0520204419669963 -0.966358087347858 166.547332780607 -0.227228111629075 1
37 chr22 17000000 18000000 chr22 19000000 20000000 248 131 2 -0.920773308849425 177.419068768209 183.114477071483 0.0455847784984334 -0.966358087347858 180.266772919846 0.206622580047275 1
38 chr22 18000000 19000000 chr22 20000000 21000000 298 153 2 -0.96178067776951 213.189042310186 213.866526656007 0.00457740957834847 -0.966358087347858 213.527784483097 0.024346721389618 1
39 chr22 19000000 20000000 chr22 21000000 22000000 264 132 2 -1 188.865460301642 184.512297507143 -0.0336419126521427 -0.966358087347858 186.688878904392 -0.145536398652847 1
40 chr22 20000000 21000000 chr22 22000000 23000000 273 128 2 -1.09275714091985 195.304055539198 178.921015764502 -0.126399053571994 -0.966358087347858 187.11253565185 -0.557837600925645 1
41 chr22 21000000 22000000 chr22 23000000 24000000 186 121 2 -0.620295573833437 133.064301576157 169.136272714881 0.346062513514422 -0.966358087347858 151.100287145519 1.54223221801948 1
42 chr22 22000000 23000000 chr22 24000000 25000000 269 165 2 -0.705140148310808 192.442457655839 230.640371883929 0.261217939037051 -0.966358087347858 211.541414769884 1.16510200770424 1
43 chr22 23000000 24000000 chr22 25000000 26000000 354 142 2 -1.31785843057832 253.251412677201 198.490501863745 -0.351500343230456 -0.966358087347858 225.870957270473 -1.5584024247114 1
44 chr22 24000000 25000000 chr22 26000000 27000000 254 130 2 -0.966316873743711 181.711465593246 181.716656635823 0.0000412136041470629 -0.966358087347858 181.714061114534 0.00418354003925364 1
45 chr22 25000000 26000000 chr22 27000000 28000000 323 138 2 -1.22686589791576 231.074029081175 192.899220121104 -0.260507810567897 -0.966358087347858 211.98662460114 -1.15394482454629 1
46 chr22 26000000 27000000 chr22 28000000 29000000 408 137 2 -1.57439325901097 291.882984102537 191.501399685444 -0.608035171663111 -0.966358087347858 241.69219189399 -2.69868787485288 0
47 chr22 27000000 28000000 chr22 29000000 30000000 251 193 2 -0.379086516682692 179.565267180727 269.779344082414 0.587271570665167 -0.966358087347858 224.672305631571 2.61439532348079 0
48 chr22 28000000 29000000 chr22 30000000 31000000 324 127 2 -1.35116531611246 231.789428552015 177.523195328842 -0.384807228764601 -0.966358087347858 204.656311940428 -1.70644999079104 1
49 chr22 29000000 30000000 chr22 31000000 32000000 212 152 2 -0.479992941119614 151.664687817985 212.468706220346 0.486365146228245 -0.966358087347858 182.066697019166 2.16587093279974 0
50 chr22 30000000 31000000 chr22 32000000 33000000 289 146 2 -0.985101123620662 206.75044707263 204.081783606385 -0.0187430362728023 -0.966358087347858 205.416115339508 -0.0793115820748582 1
51 chr22 31000000 32000000 chr22 33000000 34000000 260 131 2 -0.988944811491004 186.003862418283 183.114477071483 -0.022586724143146 -0.966358087347858 184.559169744883 -0.0963965969253422 1
52 chr22 32000000 33000000 chr22 34000000 35000000 237 148 2 -0.679289883269309 169.549674588974 206.877424477706 0.287068204078549 -0.966358087347858 188.21354953334 1.28000524049026 1
53 chr22 33000000 34000000 chr22 35000000 36000000 442 232 2 -0.929921564263859 316.206566111082 324.29434107316 0.0364365230839977 -0.966358087347858 320.250453592121 0.165959007747978 1
54 chr22 34000000 35000000 chr22 36000000 37000000 274 139 2 -0.979091010237019 196.019455010037 194.297040556764 -0.0127329228891614 -0.966358087347858 195.158247783401 -0.0525969059938855 1
55 chr22 35000000 36000000 chr22 37000000 38000000 264 160 2 -0.722466024471091 188.865460301642 223.651269705628 0.243892062876767 -0.966358087347858 206.258365003635 1.08808928932509 1
56 chr22 36000000 37000000 chr22 38000000 39000000 227 155 2 -0.550424082016677 162.395679880578 216.662167527327 0.415934005331181 -0.966358087347858 189.528923703953 1.85280776826779 1
57 chr22 37000000 38000000 chr22 39000000 40000000 375 136 2 -1.4632839441329 268.274801564832 190.103579249784 -0.496925856785047 -0.966358087347858 229.189190407308 -2.20481210794544 0
58 chr22 38000000 39000000 chr22 40000000 41000000 339 149 2 -1.18597294267418 242.520420614608 208.275244913366 -0.219614855326324 -0.966358087347858 225.397832763987 -0.972177529399096 1
59 chr22 39000000 40000000 chr22 41000000 42000000 474 180 2 -1.39689015256858 339.099349177947 251.607678418831 -0.430532065220726 -0.966358087347858 295.353513798389 -1.90969477450939 1
60 chr22 40000000 41000000 chr22 42000000 43000000 351 159 2 -1.14244426502021 251.105214264683 222.253449269968 -0.176086177672347 -0.966358087347858 236.679331767325 -0.778694570005303 1
61 chr22 41000000 42000000 chr22 43000000 44000000 257 139 2 -0.886683476470371 183.857664005765 194.297040556764 0.0796746108774871 -0.966358087347858 189.077352281265 0.358150308648857 1
62 chr22 42000000 43000000 chr22 44000000 45000000 233 101 2 -1.20597466190249 166.688076705616 141.179864001678 -0.239616574554628 -0.966358087347858 153.933970353647 -1.06108424648386 1
63 chr22 43000000 44000000 chr22 45000000 46000000 353 191 2 -0.886095545235432 252.536013206362 266.983703211093 0.0802625421124264 -0.966358087347858 259.759858208728 0.360763635802059 1
64 chr22 44000000 45000000 chr22 46000000 47000000 384 131 2 -1.55153949918371 274.713396802388 183.114477071483 -0.585181411835848 -0.966358087347858 228.913936936935 -2.59710396918489 0
65 chr22 45000000 46000000 chr22 47000000 48000000 312 145 2 -1.10549312884731 223.20463490194 202.683963170725 -0.139135041499456 -0.966358087347858 212.944299036333 -0.614448478347596 1
66 chr22 46000000 47000000 chr22 48000000 49000000 246 123 2 -1 175.98826982653 171.931913586201 -0.0336419126521417 -0.966358087347858 173.960091706366 -0.145536398652843 1
67 chr22 47000000 48000000 chr22 49000000 50000000 296 223 2 -0.408553465708645 211.758243368507 311.713957152219 0.557804621639213 -0.966358087347858 261.736100260363 2.48341609762032 0
68 chr22 48000000 49000000 chr22 50000000 51000000 214 168 2 -0.349149563622387 153.095486759664 234.833833190909 0.617208523725472 -0.966358087347858 193.964659975287 2.74746369554082 0
69 chr22 49000000 50000000 chr22 51000000 52000000 239 135 2 -0.824051210929918 170.980473530653 188.705758814123 0.142306876417941 -0.966358087347858 179.843116172388 0.636547832842831 1
70 chr22 16000000 17000000 chr22 19000000 20000000 280 126 3 -1.15200309344505 205.020389388846 172.080445779894 -0.252684226443315 -0.899318867001735 188.55041758437 -1.11916935487722 1
71 chr22 17000000 18000000 chr22 20000000 21000000 225 133 3 -0.758498755715847 164.748527187465 181.640470545444 0.140820111285888 -0.899318867001735 173.194498866454 0.629939230579287 1
72 chr22 18000000 19000000 chr22 21000000 22000000 222 111 3 -1 162.551880158299 151.594678425145 -0.100681132998265 -0.899318867001735 157.073279291722 -0.443522633179203 1
73 chr22 19000000 20000000 chr22 22000000 23000000 272 158 3 -0.783682093073236 199.162663977736 215.783416136692 0.115636773928499 -0.899318867001735 207.473040057214 0.518000460510205 1
74 chr22 20000000 21000000 chr22 23000000 24000000 228 108 3 -1.07800251200127 166.945174216631 147.497524954195 -0.178683644999538 -0.899318867001735 157.221349585413 -0.790240192167057 1
75 chr22 21000000 22000000 chr22 24000000 25000000 210 125 3 -0.748461233004036 153.765292041634 170.714727956244 0.1508576339977 -0.899318867001735 162.240009998939 0.674555554895456 1
76 chr22 22000000 23000000 chr22 25000000 26000000 267 137 3 -0.962663848727027 195.501585595792 187.103341840043 -0.0633449817252928 -0.899318867001735 191.302463717918 -0.277565167204841 1
77 chr22 23000000 24000000 chr22 26000000 27000000 224 110 3 -1.02599520853294 164.016311511077 150.228960601495 -0.126676341531208 -0.899318867001735 157.122636056286 -0.55907013308248 1
78 chr22 24000000 25000000 chr22 27000000 28000000 209 131 3 -0.673936130543432 153.033076365246 178.909034898144 0.225382736458303 -0.899318867001735 165.971055631695 1.00581618927141 1
79 chr22 25000000 26000000 chr22 28000000 29000000 227 118 3 -0.943905437929074 166.212958540243 161.154703190694 -0.044586570927338 -0.899318867001735 163.683830865469 -0.194184898602054 1
80 chr22 26000000 27000000 chr22 29000000 30000000 215 144 3 -0.578267848147148 157.426370423578 196.663366605593 0.321051018854587 -0.899318867001735 177.044868514586 1.43105728079496 1
81 chr22 27000000 28000000 chr22 30000000 31000000 229 131 3 -0.805780786559494 167.67738989302 178.909034898144 0.0935380804422418 -0.899318867001735 173.293212395582 0.419772789813511 1
82 chr22 28000000 29000000 chr22 31000000 32000000 196 119 3 -0.719892080807265 143.514272572192 162.520421014344 0.179426786194471 -0.899318867001735 153.017346793268 0.801544115364575 1
83 chr22 29000000 30000000 chr22 32000000 33000000 279 142 3 -0.974374192324505 204.288173712457 193.931930958293 -0.0750553253227694 -0.899318867001735 199.110052335375 -0.329617103006086 1
84 chr22 30000000 31000000 chr22 33000000 34000000 239 151 3 -0.66246206865567 174.999546656908 206.223391371143 0.236856798346065 -0.899318867001735 190.611469014025 1.05681786379871 1
85 chr22 31000000 32000000 chr22 34000000 35000000 264 104 3 -1.34395440121736 193.304938566626 142.034653659595 -0.444635534215627 -0.899318867001735 167.66979611311 -1.9723840420434 0
86 chr22 32000000 33000000 chr22 35000000 36000000 262 156 3 -0.748020782675202 191.840507213848 213.051980489392 0.151298084326534 -0.899318867001735 202.44624385162 0.676513336240578 1
87 chr22 33000000 34000000 chr22 36000000 37000000 283 122 3 -1.213920905269 207.217036418012 166.617574485294 -0.31460203826726 -0.899318867001735 186.917305451653 -1.39439116533785 1
88 chr22 34000000 35000000 chr22 37000000 38000000 247 129 3 -0.937139976161423 180.857272068017 176.177599250844 -0.0378211091596885 -0.899318867001735 178.517435659431 -0.164112733881682 1
89 chr22 35000000 36000000 chr22 38000000 39000000 206 122 3 -0.755763189620332 150.836429336079 166.617574485294 0.143555677381403 -0.899318867001735 158.727001910687 0.642098695380519 1
90 chr22 36000000 37000000 chr22 39000000 40000000 262 148 3 -0.8239696359085 191.840507213848 202.126237900193 0.0753492310932353 -0.899318867001735 196.983372557021 0.338924195514619 1
91 chr22 37000000 38000000 chr22 40000000 41000000 257 144 3 -0.835699547751566 188.179428831905 196.663366605593 0.0636193192501688 -0.899318867001735 192.421397718749 0.286785279766568 1
92 chr22 38000000 39000000 chr22 41000000 42000000 356 176 3 -1.0163018123291 260.66878079439 240.366336962392 -0.116982945327366 -0.899318867001735 250.517558878391 -0.515983435181731 1
93 chr22 39000000 40000000 chr22 42000000 43000000 353 136 3 -1.37606153202084 258.472133765223 185.737624016393 -0.476742665019106 -0.899318867001735 222.104878890808 -2.11509875382222 0
94 chr22 40000000 41000000 chr22 43000000 44000000 284 114 3 -1.31685710533994 207.949252094401 155.691831896094 -0.417538238338205 -0.899318867001735 181.820541995247 -1.85193781485474 1
95 chr22 41000000 42000000 chr22 44000000 45000000 220 123 3 -0.83884520818542 161.087448805522 167.983292308944 0.0604736588163154 -0.899318867001735 164.535370557233 0.272802964594302 1
96 chr22 42000000 43000000 chr22 45000000 46000000 229 119 3 -0.944386024789 167.67738989302 162.520421014344 -0.0450671577872645 -0.899318867001735 165.098905453682 -0.196321084971957 1
97 chr22 43000000 44000000 chr22 46000000 47000000 274 149 3 -0.878863562498365 200.627095330513 203.491955723843 0.0204553045033691 -0.899318867001735 202.059525527178 0.0949232301330663 1
98 chr22 44000000 45000000 chr22 47000000 48000000 237 129 3 -0.877515993475005 173.53511530413 176.177599250844 0.0218028735267303 -0.899318867001735 174.856357277487 0.100913112129941 1
99 chr22 45000000 46000000 chr22 48000000 49000000 240 145 3 -0.726981505593584 175.731762333296 198.029084429243 0.172337361408151 -0.899318867001735 186.88042338127 0.770031950006354 1
100 chr22 46000000 47000000 chr22 49000000 50000000 283 133 3 -1.08937580733069 207.217036418012 181.640470545444 -0.190056940328957 -0.899318867001735 194.428753481728 -0.840793964001993 1
101 chr22 47000000 48000000 chr22 50000000 51000000 243 180 3 -0.432959407276106 177.928409362463 245.829208256991 0.466359459725629 -0.899318867001735 211.878808809727 2.07694658136411 0
102 chr22 48000000 49000000 chr22 51000000 52000000 228 145 3 -0.652980924149807 166.945174216631 198.029084429243 0.246337942851929 -0.899318867001735 182.487129322937 1.09896111271652 1
103 chr22 16000000 17000000 chr22 20000000 21000000 190 93 4 -1.03069679722292 137.421011079801 128.582957301478 -0.0959031658487468 -0.93479363137417 133.00198419064 -0.422284790134123 1
104 chr22 17000000 18000000 chr22 21000000 22000000 194 106 4 -0.871992387623929 140.314084997271 146.556919074803 0.0628012437502405 -0.93479363137417 143.435502036037 0.283148971997425 1
105 chr22 18000000 19000000 chr22 22000000 23000000 214 122 4 -0.810729648838261 154.779454584618 168.678718180433 0.124063982535909 -0.93479363137417 161.729086382526 0.555459013093678 1
106 chr22 19000000 20000000 chr22 23000000 24000000 306 120 4 -1.35049724708413 221.320154686417 165.91349329223 -0.415703615709963 -0.93479363137417 193.616823989323 -1.84378300210566 1
107 chr22 20000000 21000000 chr22 24000000 25000000 222 113 4 -0.974236903934918 160.565602419557 156.235206183516 -0.0394432725607486 -0.93479363137417 158.400404301537 -0.171323175190108 1
108 chr22 21000000 22000000 chr22 25000000 26000000 157 96 4 -0.709658248170471 113.553151260678 132.730794633784 0.225135383203699 -0.93479363137417 123.141972947231 1.00471671549238 1
109 chr22 22000000 23000000 chr22 26000000 27000000 200 112 4 -0.83650126771712 144.653695873475 154.852593739414 0.0982923636570491 -0.93479363137417 149.753144806445 0.440905358863954 1
110 chr22 23000000 24000000 chr22 27000000 28000000 238 97 4 -1.29490492112082 172.137898089435 134.113407077886 -0.360111289746646 -0.93479363137417 153.12565258366 -1.5966776838033 1
111 chr22 24000000 25000000 chr22 28000000 29000000 200 108 4 -0.888968687611256 144.653695873475 149.322143963007 0.0458249437629135 -0.93479363137417 146.987919918241 0.20769010354258 1
112 chr22 25000000 26000000 chr22 29000000 30000000 175 109 4 -0.683026787055402 126.571983889291 150.704756407108 0.251766844318767 -0.93479363137417 138.6383701482 1.12309232870271 1
113 chr22 26000000 27000000 chr22 30000000 31000000 220 102 4 -1.10893437155316 159.119065460822 141.026469298395 -0.174140740178995 -0.93479363137417 150.072767379609 -0.770047190304924 1
114 chr22 27000000 28000000 chr22 31000000 32000000 219 102 4 -1.10236171762968 158.395796981455 141.026469298395 -0.167568086255509 -0.93479363137417 149.711133139925 -0.740832047536369 1
115 chr22 28000000 29000000 chr22 32000000 33000000 195 106 4 -0.879409859186412 141.037353476638 146.556919074803 0.0553837721877581 -0.93479363137417 143.79713627572 0.250178653888135 1
116 chr22 29000000 30000000 chr22 33000000 34000000 193 92 4 -1.06889508121107 139.590816517903 127.200344857376 -0.134101449836898 -0.93479363137417 133.39558068764 -0.592074396162199 1
117 chr22 30000000 31000000 chr22 34000000 35000000 198 102 4 -0.956931278108114 143.20715891474 141.026469298395 -0.0221376467339443 -0.93479363137417 142.116814106568 -0.0944004686069044 1
118 chr22 31000000 32000000 chr22 35000000 36000000 178 124 4 -0.521537120579523 128.741789327393 171.443943068637 0.413256510794647 -0.93479363137417 150.092866198015 1.84090642886099 1
119 chr22 32000000 33000000 chr22 36000000 37000000 282 118 4 -1.25690830303695 203.9617111816 163.148268404026 -0.322114671662782 -0.93479363137417 183.554989792813 -1.42778447339469 1
120 chr22 33000000 34000000 chr22 37000000 38000000 206 115 4 -0.841010476238843 148.993306749679 159.00043107172 0.093783155135326 -0.93479363137417 153.9968689107 0.420862135491949 1
121 chr22 34000000 35000000 chr22 38000000 39000000 189 95 4 -0.992386815890125 136.697742600434 131.348182189682 -0.0575931845159553 -0.93479363137417 134.022962395058 -0.251998694574035 1
122 chr22 35000000 36000000 chr22 39000000 40000000 191 102 4 -0.905003486064253 138.144279559169 141.026469298395 0.0297901453099162 -0.93479363137417 139.585374428782 0.136416165872538 1
123 chr22 36000000 37000000 chr22 40000000 41000000 227 116 4 -0.968567492163343 164.181944816394 160.383043515822 -0.0337738607891733 -0.93479363137417 162.282494166108 -0.14612290202063 1
124 chr22 37000000 38000000 chr22 41000000 42000000 176 99 4 -0.830074998557688 127.295252368658 136.878631966089 0.104718632816482 -0.93479363137417 132.086942167374 0.469469828125164 1
125 chr22 38000000 39000000 chr22 42000000 43000000 382 119 4 -1.6826110647278 276.288559118337 164.530880848128 -0.747817433353636 -0.93479363137417 220.409719983232 -3.32001356449668 0
126 chr22 39000000 40000000 chr22 43000000 44000000 200 103 4 -0.957355662591506 144.653695873475 142.409081742497 -0.0225620312173361 -0.93479363137417 143.531388807986 -0.0962868380119249 1
127 chr22 40000000 41000000 chr22 44000000 45000000 232 96 4 -1.27301849440642 167.798287213231 132.730794633784 -0.338224863032246 -0.93479363137417 150.264540923507 -1.49939352909224 1
128 chr22 41000000 42000000 chr22 45000000 46000000 182 99 4 -0.878438020119087 131.634863244862 136.878631966089 0.0563556112550828 -0.93479363137417 134.256747605476 0.254498433604285 1
129 chr22 42000000 43000000 chr22 46000000 47000000 205 128 4 -0.679480099505446 148.270038270312 176.974392845045 0.255313531868723 -0.93479363137417 162.622215557678 1.13885719086245 1
130 chr22 43000000 44000000 chr22 47000000 48000000 225 102 4 -1.14135584924554 162.735407857659 141.026469298395 -0.206562217871372 -0.93479363137417 151.880938578027 -0.914159159469414 1
131 chr22 44000000 45000000 chr22 48000000 49000000 258 141 4 -0.871675903024461 186.603267676783 194.94835461837 0.0631177283497095 -0.93479363137417 190.775811147576 0.284555731407729 1
132 chr22 45000000 46000000 chr22 49000000 50000000 224 144 4 -0.637429920615292 162.012139378292 199.096191950675 0.297363710758878 -0.93479363137417 180.554165664484 1.32576829161724 1
133 chr22 46000000 47000000 chr22 50000000 51000000 211 115 4 -0.87560913776281 152.609649146516 159.00043107172 0.0591844936113599 -0.93479363137417 155.805040109118 0.267072684869631 1
134 chr22 47000000 48000000 chr22 51000000 52000000 192 100 4 -0.941106310946431 138.867548038536 138.261244410191 -0.0063126795722619 -0.93479363137417 138.564396224364 -0.0240592213241002 1
135 chr22 16000000 17000000 chr22 21000000 22000000 204 112 5 -0.865070419913891 146.971425421235 155.458790268349 0.0809965051087503 -0.946066925022643 151.215107844792 0.364026067382066 1
136 chr22 17000000 18000000 chr22 22000000 23000000 190 97 5 -0.96994276614382 136.885151127621 134.638416571695 -0.0238758411211767 -0.946066925022643 135.761783849658 -0.102126662283562 1
137 chr22 18000000 19000000 chr22 23000000 24000000 220 124 5 -0.827163403137784 158.498596042508 172.115089225672 0.118903521884857 -0.946066925022643 165.30684263409 0.532521004120882 1
138 chr22 19000000 20000000 chr22 24000000 25000000 196 108 5 -0.85982234195174 141.207840110598 149.906690615908 0.0862445830709026 -0.946066925022643 145.557265363253 0.387353531251251 1
139 chr22 20000000 21000000 chr22 25000000 26000000 188 101 5 -0.896377368925843 135.444254799961 140.190516224136 0.0496895560967997 -0.946066925022643 137.817385512049 0.224868126665957 1
140 chr22 21000000 22000000 chr22 26000000 27000000 181 95 5 -0.929990278752258 130.401117653154 131.862366745474 0.0160766462703848 -0.946066925022643 131.131742199314 0.0754602967578233 1
141 chr22 22000000 23000000 chr22 27000000 28000000 188 121 5 -0.635725614403043 135.444254799961 167.951014486341 0.310341310619599 -0.946066925022643 151.697634643151 1.38345312291032 1
142 chr22 23000000 24000000 chr22 28000000 29000000 198 94 5 -1.07476776840197 142.648736438257 130.474341832364 -0.128700843379329 -0.946066925022643 136.561539135311 -0.56806895018385 1
143 chr22 24000000 25000000 chr22 29000000 30000000 210 108 5 -0.959358015502654 151.294114404212 149.906690615908 -0.0132910904800114 -0.946066925022643 150.60040251006 -0.0550779351253894 1
144 chr22 25000000 26000000 chr22 30000000 31000000 195 103 5 -0.920829786566392 140.487391946769 142.966566050356 0.0252371384562497 -0.946066925022643 141.726978998562 0.116178260940292 1
145 chr22 26000000 27000000 chr22 31000000 32000000 220 89 5 -1.30562628255826 158.498596042508 123.534217266813 -0.35955935753562 -0.946066925022643 141.016406654661 -1.59422437064679 1
146 chr22 27000000 28000000 chr22 32000000 33000000 188 99 5 -0.925232231598028 135.444254799961 137.414466397915 0.0208346934246143 -0.946066925022643 136.429360598939 0.0966095963449523 1
147 chr22 28000000 29000000 chr22 33000000 34000000 237 88 5 -1.42931163026096 170.746214827611 122.146192353703 -0.483244705238318 -0.946066925022643 146.446203590657 -2.14400002194048 0
148 chr22 29000000 30000000 chr22 34000000 35000000 190 107 5 -0.828388621929801 136.885151127621 148.518665702798 0.117678303092843 -0.946066925022643 142.701908415209 0.527074963244836 1
149 chr22 30000000 31000000 chr22 35000000 36000000 179 121 5 -0.564952539989662 128.960221325495 167.951014486341 0.38111438503298 -0.946066925022643 148.455617905918 1.6980361661112 1
150 chr22 31000000 32000000 chr22 36000000 37000000 191 142 5 -0.427681708531067 137.60559929145 197.099537661657 0.518385216491577 -0.946066925022643 167.352568476553 2.30819866450331 0
151 chr22 32000000 33000000 chr22 37000000 38000000 228 108 5 -1.07800251200127 164.262181353145 149.906690615908 -0.131935586978631 -0.946066925022643 157.084435984526 -0.582447235907305 1
152 chr22 33000000 34000000 chr22 38000000 39000000 197 89 5 -1.14631838848998 141.928288274428 123.534217266813 -0.200251463467335 -0.946066925022643 132.73125277062 -0.886108147954504 1
153 chr22 34000000 35000000 chr22 39000000 40000000 177 89 5 -0.9918721191166 127.519324997836 123.534217266813 -0.0458051940939564 -0.946066925022643 125.526771132324 -0.199601622228199 1
154 chr22 35000000 36000000 chr22 40000000 41000000 203 102 5 -0.992910575213681 146.250977257405 141.578541137246 -0.0468436501910396 -0.946066925022643 143.914759197326 -0.204217511561236 1
155 chr22 36000000 37000000 chr22 41000000 42000000 218 116 5 -0.910203329649354 157.057699714849 161.01088992079 0.0358635953732893 -0.946066925022643 159.034294817819 0.163412370566215 1
156 chr22 37000000 38000000 chr22 42000000 43000000 214 100 5 -1.09761079662642 154.175907059531 138.802491311026 -0.15154387160378 -0.946066925022643 146.489199185278 -0.669605154373566 1
157 chr22 38000000 39000000 chr22 43000000 44000000 248 108 5 -1.19930880822341 178.671144629736 149.906690615908 -0.253241883200765 -0.946066925022643 164.288917622822 -1.12164811337788 1
158 chr22 39000000 40000000 chr22 44000000 45000000 189 89 5 -1.08650899325467 136.164702963791 123.534217266813 -0.140442068232032 -0.946066925022643 129.849460115302 -0.620258151736617 1
159 chr22 40000000 41000000 chr22 45000000 46000000 208 103 5 -1.01393919095787 149.853218076553 142.966566050356 -0.0678722659352308 -0.946066925022643 146.409892063455 -0.297688736175137 1
160 chr22 41000000 42000000 chr22 46000000 47000000 189 119 5 -0.667424660913129 136.164702963791 165.174964660121 0.278642264109514 -0.946066925022643 150.669833811956 1.24255232694571 1
161 chr22 42000000 43000000 chr22 47000000 48000000 170 107 5 -0.667923949736555 122.476187851029 148.518665702798 0.278142975286089 -0.946066925022643 135.497426776913 1.24033301121284 1
162 chr22 43000000 44000000 chr22 48000000 49000000 196 107 5 -0.873242857714061 141.207840110598 148.518665702798 0.0728240673085825 -0.946066925022643 144.863252906698 0.327699959256112 1
163 chr22 44000000 45000000 chr22 49000000 50000000 220 104 5 -1.08091999538357 158.498596042508 144.354590963467 -0.134853070360926 -0.946066925022643 151.426593502987 -0.595415314636363 1
164 chr22 45000000 46000000 chr22 50000000 51000000 198 117 5 -0.758991900496205 142.648736438257 162.3989148339 0.187075024526438 -0.946066925022643 152.523825636079 0.835540181093505 1
165 chr22 46000000 47000000 chr22 51000000 52000000 187 109 5 -0.77871013511071 134.723806636132 151.294715529018 0.167356789911933 -0.946066925022643 143.009261082575 0.747893540008673 1
166 chr22 16000000 17000000 chr22 22000000 23000000 208 102 6 -1.0280143761696 149.336458636299 142.068455310504 -0.0719801684340864 -0.95603420773551 145.702456973401 -0.315948172831998 1
167 chr22 17000000 18000000 chr22 23000000 24000000 174 105 6 -0.728697978182606 124.925691359211 146.246939290225 0.227336229552906 -0.95603420773551 135.586315324718 1.01449937574686 1
168 chr22 18000000 19000000 chr22 24000000 25000000 182 89 6 -1.0320612092323 130.669401306762 123.961691398381 -0.0760270014967883 -0.95603420773551 127.315546352571 -0.333936158669024 1
169 chr22 19000000 20000000 chr22 25000000 26000000 245 96 6 -1.35167543828141 175.901117143717 133.711487351063 -0.395641230545905 -0.95603420773551 154.80630224739 -1.75460662774169 1
170 chr22 20000000 21000000 chr22 26000000 27000000 222 107 6 -1.05294887994896 159.387951044511 149.032595276706 -0.0969146722134476 -0.95603420773551 154.210273160608 -0.426780889152883 1
171 chr22 21000000 22000000 chr22 27000000 28000000 170 97 6 -0.809478093950574 122.053836385437 135.104315344303 0.146556113784937 -0.95603420773551 128.57907586487 0.655435496453216 1
172 chr22 22000000 23000000 chr22 28000000 29000000 208 110 6 -0.919080004616433 149.336458636299 153.211079256426 0.0369542031190787 -0.95603420773551 151.273768946363 0.168260071566244 1
173 chr22 23000000 24000000 chr22 29000000 30000000 186 98 6 -0.924448966992823 133.541256280536 136.497143337543 0.0315852407426875 -0.95603420773551 135.01919980904 0.144395282065496 1
174 chr22 24000000 25000000 chr22 30000000 31000000 159 90 6 -0.821029858954681 114.156235207555 125.354519391621 0.13500434878083 -0.95603420773551 119.755377299588 0.604088435166779 1
175 chr22 25000000 26000000 chr22 31000000 32000000 179 96 6 -0.8988532765431 128.51551007643 133.711487351063 0.0571809311924091 -0.95603420773551 131.113498713747 0.258166942562678 1
176 chr22 26000000 27000000 chr22 32000000 33000000 250 113 6 -1.1456053222469 179.490935860936 157.389563236147 -0.18957111451139 -0.95603420773551 168.440249548542 -0.838634490707626 1
177 chr22 27000000 28000000 chr22 33000000 34000000 246 103 6 -1.25601397815602 176.619080887161 143.461283303745 -0.299979770420512 -0.95603420773551 160.040182095453 -1.32939586089678 1
178 chr22 28000000 29000000 chr22 34000000 35000000 248 110 6 -1.17283659686222 178.055008374049 153.211079256426 -0.216802389126705 -0.95603420773551 165.633043815237 -0.959676247191008 1
179 chr22 29000000 30000000 chr22 35000000 36000000 206 123 6 -0.743986021843979 147.900531149411 171.317843168549 0.212048185891531 -0.95603420773551 159.60918715898 0.946544728595432 1
180 chr22 30000000 31000000 chr22 36000000 37000000 189 112 6 -0.754887502163469 135.695147510868 155.996735242907 0.201146705572041 -0.95603420773551 145.845941376887 0.898088152662776 1
181 chr22 31000000 32000000 chr22 37000000 38000000 204 112 6 -0.865070419913891 146.464603662524 155.996735242907 0.090963787821618 -0.95603420773551 151.230669452715 0.408330178150844 1
182 chr22 32000000 33000000 chr22 38000000 39000000 214 105 6 -1.02722146873502 153.644241096961 146.246939290225 -0.0711872609995137 -0.95603420773551 149.945590193593 -0.312423735949583 1
183 chr22 33000000 34000000 chr22 39000000 40000000 202 90 6 -1.16635838642212 145.028676175636 125.354519391621 -0.210324178686609 -0.95603420773551 135.191597783629 -0.930880901339027 1
184 chr22 34000000 35000000 chr22 40000000 41000000 206 95 6 -1.11664491885227 147.900531149411 132.318659357823 -0.16061071111676 -0.95603420773551 140.109595253617 -0.709906836755589 1
185 chr22 35000000 36000000 chr22 41000000 42000000 206 102 6 -1.01407518521172 147.900531149411 142.068455310504 -0.0580409774762139 -0.95603420773551 144.984493229958 -0.253989113576314 1
186 chr22 36000000 37000000 chr22 42000000 43000000 166 136 6 -0.287576590096585 119.181981411662 189.424607080672 0.668457617638925 -0.95603420773551 154.303294246167 2.97526354821379 0
187 chr22 37000000 38000000 chr22 43000000 44000000 229 140 6 -0.709920771151977 164.413697248617 194.995919053633 0.246113436583533 -0.95603420773551 179.704808151125 1.09796319273474 1
188 chr22 38000000 39000000 chr22 44000000 45000000 203 94 6 -1.11074706550754 145.74663991908 130.925831364582 -0.154712857772029 -0.95603420773551 138.336235641831 -0.683691151356636 1
189 chr22 39000000 40000000 chr22 45000000 46000000 221 96 6 -1.20294005867028 158.669987301068 133.711487351063 -0.246905850934766 -0.95603420773551 146.190737326065 -1.09348474293541 1
190 chr22 40000000 41000000 chr22 46000000 47000000 227 97 6 -1.22663564510379 162.97776976173 135.104315344303 -0.270601437368276 -0.95603420773551 149.041042553017 -1.19881052894186 1
191 chr22 41000000 42000000 chr22 47000000 48000000 169 104 6 -0.700439718141092 121.335872641993 144.854111296985 0.255594489594419 -0.95603420773551 133.094991969489 1.1401060349616 1
192 chr22 42000000 43000000 chr22 48000000 49000000 187 104 6 -0.846454741746544 134.25922002398 144.854111296985 0.109579465988967 -0.95603420773551 139.556665660482 0.491076006810583 1
193 chr22 43000000 44000000 chr22 49000000 50000000 182 94 6 -0.953205788521059 130.669401306762 130.925831364582 0.00282841921445065 -0.95603420773551 130.797616335672 0.016572540095892 1
194 chr22 44000000 45000000 chr22 50000000 51000000 203 118 6 -0.782692867823335 145.74663991908 164.353703202348 0.173341339912175 -0.95603420773551 155.050171560714 0.774494588032498 1
195 chr22 45000000 46000000 chr22 51000000 52000000 209 102 6 -1.03493379010939 150.054422379743 142.068455310504 -0.0788995823738771 -0.95603420773551 146.061438845123 -0.346704647838747 1
196 chr22 16000000 17000000 chr22 23000000 24000000 171 91 7 -0.910057874687202 121.445850208208 128.131179231914 0.0773083873755461 -0.987366262062749 124.788514720061 0.347632554597561 1
197 chr22 17000000 18000000 chr22 24000000 25000000 190 97 7 -0.96994276614382 134.939833564675 136.5793888516 0.017423495918928 -0.987366262062749 135.759611208138 0.0814469811668958 1
198 chr22 18000000 19000000 chr22 25000000 26000000 202 92 7 -1.13464952669478 143.46234936876 129.539214168528 -0.147283264632033 -0.987366262062749 136.500781768644 -0.650666953395803 1
199 chr22 19000000 20000000 chr22 26000000 27000000 234 100 7 -1.22650852980868 166.189058179653 140.803493661443 -0.239142267745932 -0.987366262062749 153.496275920548 -1.05897597465128 1
200 chr22 20000000 21000000 chr22 27000000 28000000 156 95 7 -0.715546610531301 110.792705453102 133.763318978371 0.271819651531447 -0.987366262062749 122.278012215737 1.2122261295157 1
201 chr22 21000000 22000000 chr22 28000000 29000000 162 98 7 -0.725140158769417 115.053963355144 137.987423788215 0.262226103293332 -0.987366262062749 126.520693571679 1.16958325120561 1
202 chr22 22000000 23000000 chr22 29000000 30000000 223 119 7 -0.906082136612361 158.376752025908 167.556157457118 0.0812841254503871 -0.987366262062749 162.966454741513 0.365304526500997 1
203 chr22 23000000 24000000 chr22 30000000 31000000 207 95 7 -1.12363134916838 147.013397620462 133.763318978371 -0.136265087105629 -0.987366262062749 140.388358299417 -0.601691663774524 1
204 chr22 24000000 25000000 chr22 31000000 32000000 189 115 7 -0.716752373276697 134.229623914335 161.92401771066 0.27061388878605 -0.987366262062749 148.076820812497 1.20686656986721 1
205 chr22 25000000 26000000 chr22 32000000 33000000 190 105 7 -0.855610090664825 134.939833564675 147.843668344516 0.131756171397923 -0.987366262062749 141.391750954595 0.589650436896379 1
206 chr22 26000000 27000000 chr22 33000000 34000000 230 113 7 -1.02531108852919 163.348219578291 159.107947837431 -0.0379448264664389 -0.987366262062749 161.228083707861 -0.164662651589465 1
207 chr22 27000000 28000000 chr22 34000000 35000000 256 96 7 -1.41503749927884 181.813670487142 135.171353914986 -0.427671237216096 -0.987366262062749 158.492512201064 -1.89697852631428 1
208 chr22 28000000 29000000 chr22 35000000 36000000 242 105 7 -1.20461771960847 171.870735382376 147.843668344516 -0.217251457545724 -0.987366262062749 159.857201863446 -0.961672335548497 1
209 chr22 29000000 30000000 chr22 36000000 37000000 180 95 7 -0.921997487998727 127.837737061271 133.763318978371 0.0653687740640211 -0.987366262062749 130.800528019821 0.294561525518866 1
210 chr22 30000000 31000000 chr22 37000000 38000000 226 83 7 -1.44513953106826 160.50738097693 116.866899738998 -0.457773269005515 -0.987366262062749 138.687140357964 -2.03078066569195 0
211 chr22 31000000 32000000 chr22 38000000 39000000 201 117 7 -0.780686971595524 142.75213971842 164.740087583889 0.206679290467224 -0.987366262062749 153.746113651154 0.922680236693601 1
212 chr22 32000000 33000000 chr22 39000000 40000000 178 109 7 -0.707549106189471 126.417317760591 153.475808090973 0.279817155873277 -0.987366262062749 139.946562925782 1.24777466650831 1
213 chr22 33000000 34000000 chr22 40000000 41000000 190 94 7 -1.01526675665331 134.939833564675 132.355284041757 -0.027900494590562 -0.987366262062749 133.647558803216 -0.120016060853886 1
214 chr22 34000000 35000000 chr22 41000000 42000000 167 111 7 -0.589288426123946 118.605011606846 156.291877964202 0.398077835938803 -0.987366262062749 137.448444785524 1.7734379209929 1
215 chr22 35000000 36000000 chr22 42000000 43000000 197 103 7 -0.935551292273158 139.911301117058 145.027598471287 0.0518149697895903 -0.987366262062749 142.469449794172 0.234315492250693 1
216 chr22 36000000 37000000 chr22 43000000 44000000 210 112 7 -0.906890595608519 149.144026571483 157.699912900817 0.0804756664542295 -0.987366262062749 153.42196973615 0.361710963646445 1
217 chr22 37000000 38000000 chr22 44000000 45000000 219 124 7 -0.820590749214298 155.535913424547 174.59633214019 0.166775512848449 -0.987366262062749 165.066122782368 0.745309790339902 1
218 chr22 38000000 39000000 chr22 45000000 46000000 192 88 7 -1.12553088208386 136.360252865356 123.90707442207 -0.138164620021111 -0.987366262062749 130.133663643713 -0.610134999748909 1
219 chr22 39000000 40000000 chr22 46000000 47000000 192 88 7 -1.12553088208386 136.360252865356 123.90707442207 -0.138164620021111 -0.987366262062749 130.133663643713 -0.610134999748909 1
220 chr22 40000000 41000000 chr22 47000000 48000000 206 101 7 -1.02828904443142 146.303187970122 142.211528598058 -0.0409227823686759 -0.987366262062749 144.25735828409 -0.177899527873401 1
221 chr22 41000000 42000000 chr22 48000000 49000000 187 85 7 -1.13750352374993 132.809204613654 119.682969612227 -0.150137261687187 -0.987366262062749 126.246087112941 -0.663352838336344 1
222 chr22 42000000 43000000 chr22 49000000 50000000 201 89 7 -1.17531826021253 142.75213971842 125.315109358685 -0.187951998149783 -0.987366262062749 134.033624538552 -0.831437593348675 1
223 chr22 43000000 44000000 chr22 50000000 51000000 192 104 7 -0.884522782580064 136.360252865356 146.435633407901 0.102843479482684 -0.987366262062749 141.397943136629 0.461134858264042 1
224 chr22 44000000 45000000 chr22 51000000 52000000 181 90 7 -1.00799279075353 128.547946711612 126.723144295299 -0.0206265286907828 -0.987366262062749 127.635545503455 -0.0876836187795694 1
225 chr22 16000000 17000000 chr22 24000000 25000000 192 89 8 -1.10922906975476 135.828278764085 125.805908427062 -0.110584193264041 -0.998644876490717 130.817093595574 -0.487541278140325 1
226 chr22 17000000 18000000 chr22 25000000 26000000 146 89 8 -0.71409112791362 103.286086976856 125.805908427062 0.284553748577097 -0.998644876490717 114.545997701959 1.26882860205543 1
227 chr22 18000000 19000000 chr22 26000000 27000000 199 87 8 -1.19368112469492 140.780351427359 122.978809361286 -0.195036248204204 -0.998644876490717 131.879580394322 -0.862926757262887 1
228 chr22 19000000 20000000 chr22 27000000 28000000 202 98 8 -1.04350163863659 142.902668283048 138.527854223057 -0.0448567621458695 -0.998644876490717 140.715261253053 -0.195385886074709 1
229 chr22 20000000 21000000 chr22 28000000 29000000 176 98 8 -0.844721774522089 124.509255533745 138.527854223057 0.153923101968628 -0.998644876490717 131.518554878401 0.688181418278142 1
230 chr22 21000000 22000000 chr22 29000000 30000000 168 92 8 -0.868755466721747 118.849743918575 130.046557025727 0.129889409768969 -0.998644876490717 124.448150472151 0.581352767775257 1
231 chr22 22000000 23000000 chr22 30000000 31000000 196 89 8 -1.13897641314881 138.65803457167 125.805908427062 -0.140331536658094 -0.998644876490717 132.231971499366 -0.619766844001472 1
232 chr22 23000000 24000000 chr22 31000000 32000000 184 98 8 -0.908852111941805 130.168767148915 138.527854223057 0.0897927645489121 -0.998644876490717 134.348310685986 0.403125033852107 1
233 chr22 24000000 25000000 chr22 32000000 33000000 199 97 8 -1.03671177835652 140.780351427359 137.114304690169 -0.0380669018658041 -0.998644876490717 138.947328058764 -0.165205271094843 1
234 chr22 25000000 26000000 chr22 33000000 34000000 181 91 8 -0.992051246884509 128.046450293226 128.633007492839 0.00659362960620742 -0.998644876490717 128.339728893033 0.0333087261828773 1
235 chr22 26000000 27000000 chr22 34000000 35000000 260 98 8 -1.40765796891325 183.934127493032 138.527854223057 -0.409013092422529 -0.998644876490717 161.230990858045 -1.81404393546467 1
236 chr22 27000000 28000000 chr22 35000000 36000000 251 100 8 -1.32768736417605 177.567176925966 141.354953288834 -0.329042487685331 -0.998644876490717 159.4610651074 -1.45857829527079 1
237 chr22 28000000 29000000 chr22 36000000 37000000 165 112 8 -0.558967292188212 116.727427062886 158.317547683494 0.439677584302505 -0.998644876490717 137.52248737319 1.95834687888565 1
238 chr22 29000000 30000000 chr22 37000000 38000000 182 96 8 -0.92283213947754 128.753889245122 135.700755157281 0.0758127370131767 -0.998644876490717 132.227322201202 0.340984457896117 1
239 chr22 30000000 31000000 chr22 38000000 39000000 204 94 8 -1.11783649029386 144.317546186841 132.873656091504 -0.119191613803141 -0.998644876490717 138.595601139172 -0.525800864427106 1
240 chr22 31000000 32000000 chr22 39000000 40000000 222 98 8 -1.1797060222349 157.051447320974 138.527854223057 -0.181061145744181 -0.998644876490717 147.789650772015 -0.800808073040702 1
241 chr22 32000000 33000000 chr22 40000000 41000000 211 100 8 -1.07724299893246 149.269618850114 141.354953288834 -0.0785981224417436 -0.998644876490717 145.312286069474 -0.345364672380005 1
242 chr22 33000000 34000000 chr22 41000000 42000000 198 86 8 -1.20309186537751 140.072912475463 121.565259828397 -0.204446988886795 -0.998644876490717 130.81908615193 -0.904757064441741 1
243 chr22 34000000 35000000 chr22 42000000 43000000 166 96 8 -0.790076930625769 117.434866014782 135.700755157281 0.208567945864949 -0.998644876490717 126.567810586031 0.931075222604538 1
244 chr22 35000000 36000000 chr22 43000000 44000000 195 97 8 -1.00741747156248 137.950595619774 137.114304690169 -0.00877259507176541 -0.998644876490717 137.532450154972 -0.0349934319722178 1
245 chr22 36000000 37000000 chr22 44000000 45000000 224 102 8 -1.13492958008611 158.466325224766 144.182052354611 -0.136284703595392 -0.998644876490717 151.324188789688 -0.601778858164446 1
246 chr22 37000000 38000000 chr22 45000000 46000000 200 98 8 -1.02914634565952 141.487790379255 138.527854223057 -0.030501469168799 -0.998644876490717 140.007822301156 -0.131577272584363 1
247 chr22 38000000 39000000 chr22 46000000 47000000 206 99 8 -1.05714390710361 145.732424090633 139.941403755946 -0.058499030612892 -0.998644876490717 142.836913923289 -0.256025138588344 1
248 chr22 39000000 40000000 chr22 47000000 48000000 168 92 8 -0.868755466721747 118.849743918575 130.046557025727 0.129889409768969 -0.998644876490717 124.448150472151 0.581352767775257 1
249 chr22 40000000 41000000 chr22 48000000 49000000 182 93 8 -0.968635829090665 128.753889245122 131.460106558616 0.0300090474000519 -0.998644876490717 130.106997901869 0.137389175541098 1
250 chr22 41000000 42000000 chr22 49000000 50000000 180 88 8 -1.03242147769238 127.33901134133 124.392358894174 -0.0337766012016606 -0.998644876490717 125.865685117752 -0.146135083027418 1
251 chr22 42000000 43000000 chr22 50000000 51000000 204 103 8 -0.985924814788277 144.317546186841 145.595601887499 0.0127200617024405 -0.998644876490717 144.95657403717 0.0605404335627128 1
252 chr22 43000000 44000000 chr22 51000000 52000000 205 93 8 -1.14032128839741 145.024985138737 131.460106558616 -0.141676411906698 -0.998644876490717 138.242545848676 -0.625744752294116 1
253 chr22 16000000 17000000 chr22 25000000 26000000 176 92 9 -0.935869662580284 125.144180331201 129.386759792961 0.0480987913190758 -0.98396845389936 127.265470062081 0.217797250786379 1
254 chr22 17000000 18000000 chr22 26000000 27000000 194 96 9 -1.01495034146597 137.943016955983 135.012271088307 -0.0309818875666116 -0.98396845389936 136.477644022145 -0.13371271014796 1
255 chr22 18000000 19000000 chr22 27000000 28000000 175 99 9 -0.821854491752719 124.433133852046 139.231404559816 0.16211396214664 -0.98396845389936 131.832269205931 0.724589413021759 1
256 chr22 19000000 20000000 chr22 28000000 29000000 229 91 9 -1.33140914789825 162.829643726392 127.980381969124 -0.347440693998888 -0.98396845389936 145.405012847758 -1.54035747159638 1
257 chr22 20000000 21000000 chr22 29000000 30000000 202 93 9 -1.11905267164376 143.631388789219 130.793137616797 -0.135084217744404 -0.98396845389936 137.212263203008 -0.596442754067603 1
258 chr22 21000000 22000000 chr22 30000000 31000000 182 100 9 -0.863938450423971 129.410459206128 140.637782383653 0.120030003475388 -0.98396845389936 135.02412079489 0.537528162701971 1
259 chr22 22000000 23000000 chr22 31000000 32000000 210 97 9 -1.11433267547899 149.319760622455 136.418648912143 -0.130364221579635 -0.98396845389936 142.869204767299 -0.575462589369139 1
260 chr22 23000000 24000000 chr22 32000000 33000000 187 122 9 -0.61615712232475 132.965691601901 171.578094508056 0.36781133157461 -0.98396845389936 152.271893054979 1.63890470862563 1
261 chr22 24000000 25000000 chr22 33000000 34000000 164 100 9 -0.713695814843359 116.611622581346 140.637782383653 0.270272639056 -0.98396845389936 128.624702482499 1.20534973059662 1
262 chr22 25000000 26000000 chr22 34000000 35000000 191 91 9 -1.06963418783705 135.809877518519 127.980381969124 -0.0856657339376925 -0.98396845389936 131.895129743821 -0.37677987867118 1
263 chr22 26000000 27000000 chr22 35000000 36000000 262 102 9 -1.36099765956595 186.294177538492 143.450538031326 -0.377029205666595 -0.98396845389936 164.872357784909 -1.67187703777835 1
264 chr22 27000000 28000000 chr22 36000000 37000000 175 85 9 -1.04182017569463 124.433133852046 119.542115026105 -0.0578517217952676 -0.98396845389936 121.987624439075 -0.253147880825743 1
265 chr22 28000000 29000000 chr22 37000000 38000000 177 99 9 -0.838248930003388 125.855226810355 139.231404559816 0.145719523895972 -0.98396845389936 132.543315685086 0.651716893080912 1
266 chr22 29000000 30000000 chr22 38000000 39000000 210 81 9 -1.3743955147815 149.319760622455 113.916603730759 -0.390427060882138 -0.98396845389936 131.618182176607 -1.73142988469089 1
267 chr22 30000000 31000000 chr22 39000000 40000000 191 93 9 -1.03827001692772 135.809877518519 130.793137616797 -0.0543015630283578 -0.98396845389936 133.301507567658 -0.237367589267156 1
268 chr22 31000000 32000000 chr22 40000000 41000000 176 104 9 -0.758991900496205 125.144180331201 146.263293678999 0.224976553403154 -0.98396845389936 135.7037370051 1.0040107243733 1
269 chr22 32000000 33000000 chr22 41000000 42000000 187 93 9 -1.00773564877961 132.965691601901 130.793137616797 -0.0237671948802457 -0.98396845389936 131.879414609349 -0.101643734766455 1
270 chr22 33000000 34000000 chr22 42000000 43000000 172 90 9 -0.934411658372423 122.299994414583 126.574004145287 0.0495567955269368 -0.98396845389936 124.436999279935 0.224278012071802 1
271 chr22 34000000 35000000 chr22 43000000 44000000 155 105 9 -0.561878887608115 110.212204268955 147.669671502835 0.422089566291245 -0.98396845389936 128.940937885895 1.88016895210043 1
272 chr22 35000000 36000000 chr22 44000000 45000000 240 114 9 -1.07400058144378 170.651154997092 160.327071917364 -0.0900321275444174 -0.98396845389936 165.489113457228 -0.39618829634982 1
273 chr22 36000000 37000000 chr22 45000000 46000000 187 81 9 -1.20704445700301 132.965691601901 113.916603730759 -0.223076003103652 -0.98396845389936 123.44114766633 -0.987562171224886 1
274 chr22 37000000 38000000 chr22 46000000 47000000 186 109 9 -0.770974486331105 132.254645122746 153.295182798181 0.212993967568255 -0.98396845389936 142.774913960464 0.950748684415262 1
275 chr22 38000000 39000000 chr22 47000000 48000000 189 102 9 -0.889817082249577 134.38778456021 143.450538031326 0.0941513716497824 -0.98396845389936 138.919161295768 0.422498840872273 1
276 chr22 39000000 40000000 chr22 48000000 49000000 180 98 9 -0.877143252214467 127.988366247819 137.82502673598 0.106825201684893 -0.98396845389936 132.906696491899 0.478833429336923 1
277 chr22 40000000 41000000 chr22 49000000 50000000 174 100 9 -0.799087306074004 123.722087372892 140.637782383653 0.184881147825356 -0.98396845389936 132.179934878272 0.825788500602666 1
278 chr22 41000000 42000000 chr22 50000000 51000000 200 87 9 -1.200912693926 142.20929583091 122.354870673778 -0.216944240026637 -0.98396845389936 132.282083252344 -0.960306767881977 1
279 chr22 42000000 43000000 chr22 51000000 52000000 190 94 9 -1.01526675665331 135.098831039364 132.199515440634 -0.0312983027539503 -0.98396845389936 133.649173239999 -0.135119161024554 1
280 chr22 16000000 17000000 chr22 26000000 27000000 184 86 10 -1.09729720135491 132.045220354095 119.837734054788 -0.139949831115124 -0.957347370239791 125.941477204442 -0.618070180513142 1
281 chr22 17000000 18000000 chr22 27000000 28000000 190 109 10 -0.801671283554022 136.351042756946 151.887360604325 0.155676086685769 -0.957347370239791 144.119201680636 0.695973354287335 1
282 chr22 18000000 19000000 chr22 28000000 29000000 203 121 10 -0.746472679910582 145.68032462979 168.608904891039 0.210874690329209 -0.957347370239791 157.144614760415 0.941328595083673 1
283 chr22 19000000 20000000 chr22 29000000 30000000 169 99 10 -0.771522816202575 121.280664346968 137.952740365396 0.185824554037216 -0.957347370239791 129.616702356182 0.829981897591018 1
284 chr22 20000000 21000000 chr22 30000000 31000000 206 88 10 -1.22706890854592 147.833235831215 122.624658102574 -0.26972153830613 -0.957347370239791 135.228946966895 -1.1948994182974 1
285 chr22 21000000 22000000 chr22 31000000 32000000 177 89 10 -0.9918721191166 127.021760884103 124.018120126467 -0.0345247488768087 -0.957347370239791 125.519940505285 -0.149460564848896 1
286 chr22 22000000 23000000 chr22 32000000 33000000 182 102 10 -0.835369298227201 130.609946219812 142.133126437075 0.12197807201259 -0.957347370239791 136.371536328443 0.546187237270606 1
287 chr22 23000000 24000000 chr22 33000000 34000000 216 85 10 -1.34549656602577 155.009606502634 118.444272030896 -0.388149195785975 -0.957347370239791 136.726939266765 -1.72130487966756 1
288 chr22 24000000 25000000 chr22 34000000 35000000 169 89 10 -0.925146005315787 121.280664346968 124.018120126467 0.0322013649240045 -0.957347370239791 122.649392236717 0.147133925561696 1
289 chr22 25000000 26000000 chr22 35000000 36000000 220 121 10 -0.862496476250065 157.880154771201 168.608904891039 0.0948508939897258 -0.957347370239791 163.24452983112 0.425608185327215 1
290 chr22 26000000 27000000 chr22 36000000 37000000 189 98 10 -0.947532580105864 135.633405689804 136.559278341503 0.00981479013392695 -0.957347370239791 136.096342015654 0.0476266357812338 1
291 chr22 27000000 28000000 chr22 37000000 38000000 157 97 10 -0.694707906704499 112.669019541266 135.16581631761 0.262639463535292 -0.957347370239791 123.917417929438 1.17142061836723 1
292 chr22 28000000 29000000 chr22 38000000 39000000 200 91 10 -1.13606154957603 143.527413428364 126.805044174253 -0.178714179336237 -0.957347370239791 135.166228801309 -0.790375915881767 1
293 chr22 29000000 30000000 chr22 39000000 40000000 203 80 10 -1.34340782229781 145.68032462979 111.476961911431 -0.386060452058023 -0.957347370239791 128.57864327061 -1.7120205103809 1
294 chr22 30000000 31000000 chr22 40000000 41000000 187 88 10 -1.08746284125034 134.198131555521 122.624658102574 -0.130115471010548 -0.957347370239791 128.411394829047 -0.574356904591843 1
295 chr22 31000000 32000000 chr22 41000000 42000000 164 100 10 -0.713695814843359 117.692479011259 139.346202389289 0.243651555396432 -0.957347370239791 128.519340700274 1.08702024469614 1
296 chr22 32000000 33000000 chr22 42000000 43000000 191 93 10 -1.03827001692772 137.068679824088 129.591968222039 -0.0809226466879265 -0.957347370239791 133.330324023063 -0.355697075167641 1
297 chr22 33000000 34000000 chr22 43000000 44000000 204 90 10 -1.18057224564182 146.397961696932 125.41158215036 -0.223224875402029 -0.957347370239791 135.904771923646 -0.988223901707274 1
298 chr22 34000000 35000000 chr22 44000000 45000000 233 101 10 -1.20597466190249 167.209436644045 140.739664413182 -0.248627291662695 -0.957347370239791 153.974550528613 -1.10113646737115 1
299 chr22 35000000 36000000 chr22 45000000 46000000 194 120 10 -0.693022246578609 139.221591025514 167.215442867147 0.264325123661182 -0.957347370239791 153.21851694633 1.17891329968142 1
300 chr22 36000000 37000000 chr22 46000000 47000000 188 109 10 -0.786404526900711 134.915768622663 151.887360604325 0.17094284333908 -0.957347370239791 143.401564613494 0.763833381672234 1
301 chr22 37000000 38000000 chr22 47000000 48000000 199 105 10 -0.922379102877526 142.809776361223 146.313512508753 0.0349682673622651 -0.957347370239791 144.561644434988 0.159432678957428 1
302 chr22 38000000 39000000 chr22 48000000 49000000 166 94 10 -0.820450579669287 119.127753145542 130.985430245932 0.136896790570504 -0.957347370239791 125.056591695737 0.612500251414847 1
303 chr22 39000000 40000000 chr22 49000000 50000000 161 87 10 -0.887973382265889 115.539567809833 121.231196078681 0.0693739879739022 -0.957347370239791 118.385381944257 0.312364516146084 1
304 chr22 40000000 41000000 chr22 50000000 51000000 182 101 10 -0.849583157446901 130.609946219812 140.739664413182 0.107764212792889 -0.957347370239791 135.674805316497 0.483007290291831 1
305 chr22 41000000 42000000 chr22 51000000 52000000 174 90 10 -0.951090399519053 124.868849682677 125.41158215036 0.0062569707207382 -0.957347370239791 125.140215916518 0.0318122930041669 1
